{
    "accuracy": 0.7851351351351351,
    "precision": 0.8146453089244852,
    "recall": 0.8202764976958525,
    "auc": 0.7777853076714557
}