{
    "accuracy": 0.7743243243243243,
    "precision": 0.8086124401913876,
    "recall": 0.7952941176470588,
    "auc": 0.7706629318394025
}